11780367,
11772166,
11772353,
11766401,
11766372,
11766329,
11766248,
11766223,
11766189,
11766119,
11766093,
11766061,
11766003,
10186212,
10227067,
10228685,
10228850,
10237944,
11316286,
11316238,
11316203,
11316113,
11088364,
11088339,
11088308,
11088279,
11088249,
11088204,
11088183,
11088156,
11087985,
11088133,
11088088,
11088049,
11087956,
11087936,
11087908,
11087870,
11087803,
11087736,
11087703,
11087361,
11087341,
11087315,
11087285,
11087246,
11087226,
11087205,
11087120,
11087098,
11087066,
11087006,
11086989,
11086959,
11086629,
11086600,
11086579,
11086560,
11086535,
11086511,
11086491,
11086470,
11086414,
11086369,
11086348,
11086307,
11086279,
11086245,
11086185,
11086161,
11086142,
11086124,
11086078,
11086059,
11086029,
11085922,
11085903,
11085849,
11085593,
11085508,
11085467,
11085440,
11084331,
11084295,
11084264,
11084237,
11084191,
11084162,
11084126,
11084093,
11084046,
11084010,
11083978,
11083957,
11083937,
11083903,
11083868,
11083832,
11083799,
11083747,
11083724,
11083694,
11083633,
11083566,
11083548,
11083528,
11083496,
11083463,
11083430,
11083382,
11083333,
11083294,
11083266,
11082965,
11082954,
11082929,
11082907,
11082865,
11082837,
11082825,
11082796,
11082753,
11082669,
11082640,
11082606,
11082579,
11082539,
11082503,
11082394,
11082375,
11082352,
11082325,
11082166,
11082146,
11082126,
11082110,
11082079,
11082031,
11082019,
11082002,
11081990,
11081968,
11081810,
11081668,
11081647,
11081631,
11081617,
11081601,
11081585,
11081569,
11081553,
11081524,
11078302,
11078276,
11078258,
11078221,
11078173,
11078130,
11078107,
11078053,
11078003,
11077976,
11077922,
11077885,
11077850,
11077768,
11077701,
11077650,
11077539,
11077496,
11077453,
11077410,
11076154,
11076131,
11076098,
11076061,
11076046,
11075983,
11075953,
11075930,
11075873,
11075830,
11074307,
11074273,
11074207,
11074159,
11074118,
11074079,
11074060,
11073962,
11073927,
11073872,
11073826,
11073799,
11073751,
11073543,
11073338,
11073309,
11073281,
11073249,
11073224,
11073189,
11073127,
11073087,
11073058,
11073010,
11072970,
11072948,
11072926,
11072882,
11072862,
11072793,
11072177,
11072149,
11072115,
11072082,
11072022,
11071988,
11071945,
11071812,
11071702,
11071688,
11071589,
11071564,
11071528,
11071509,
11071484,
11071456,
11071423,
11071399,
11071320,
11071217,
11071107,
11071068,
11071043,
11071026,
11070989,
11070959,
11070401,
11070281,
11070228,
11070143,
11068537,
11068524,
11068491,
11068478,
11068314,
11068221,
11068118,
11068035,
11068019,
11067988,
11067934,
11067901,
11066927,
11066896,
11066868,
11060636,
11060618,
11060602,
11060568,
11060528,
10965547,
10965513,
10965496,
10965470,
10965436,
10965418,
10965402,
10965377,
10965347,
10129986,
10958033,
10946196,
10845793,
10845733,
10845668,
10845609,
10845566,
10845515,
10845473,
10845430,
10845389,
10845363,
10804965,
10804906,
10804796,
10804586,
10804491,
10804441,
10804366,
10804283,
10804151,
10804122,
10791898,
10791836,
10791790,
10791754,
10791677,
10791645,
10791595,
10791554,
10791506,
10791451,
10762983,
10762942,
10762884,
10762826,
10762776,
10762714,
10762680,
10762589,
10762553,
10762519,
10755523,
10755196,
10755155,
10755134,
10755111,
10743911,
10743862,
10743794,
10743776,
10743524,
10737650,
10731483,
10702017,
10701941,
10668310,
10667917,
10649309,
10636492,
10635785,
10635441,
10635386,
10635338,
10635261,
10635199,
10635153,
10635107,
10634945,
10634746,
10634696,
10634652,
10634593,
10634564,
10634513,
10634467,
10634427,
10634374,
10634325,
10634286,
10634252,
10634103,
10634054,
10634019,
10633960,
10633847,
10633743,
10633707,
10633641,
10633549,
10633458,
10632718,
10632662,
10632549,
10632479,
10632404,
10632283,
10632225,
10632102,
10631926,
10631753,
10629916,
10629810,
10629747,
10629648,
10629582,
10629515,
10629426,
10629357,
10629241,
10629165,
10629073,
10629026,
10628979,
10628905,
10628825,
10628632,
10628567,
10628450,
10628368,
10628269,
10628019,
10627966,
10627905,
10627785,
10627726,
10627651,
10627614,
10627311,
10627191,
10626571,
10620427,
10620346,
10620267,
10620225,
10620187,
10619989,
10619885,
10606257,
10605757,
10602700,
10602646,
10602595,
10602520,
10602410,
10602340,
10602235,
10601939,
10588595,
10582397,
10575856,
10575818,
10556320,
10556117,
10555936,
10555842,
10555767,
10555375,
10555050,
10554984,
10554932,
10554866,
10554281,
10554223,
10554173,
10554128,
10554039,
10553994,
10553936,
10553908,
10553871,
10537319,
10537180,
10537093,
10536977,
10536893,
10536849,
10536797,
10536646,
10536588,
10536156,
10536098,
10535906,
10535839,
10535752,
10535633,
10535554,
10535480,
10535416,
10535373,
10535140,
10534900,
10534800,
10534082,
10534002,
10533938,
10533840,
10533695,
10533579,
10533483,
10533150,
10533022,
10532824,
10528723,
10528470,
10528376,
10528179,
10528061,
10527627,
10527504,
10527230,
10527114,
10526933,
10526831,
10526710,
10526634,
10526360,
10525813,
10524926,
10524411,
10524280,
10524187,
10524106,
10523952,
10523841,
10523615,
10523212,
10522904,
10522682,
10521853,
10521736,
10521019,
10506431,
10505977,
10505808,
10505589,
10505449,
10504752,
10504619,
10504454,
10504255,
10504148,
10503936,
10503769,
10503598,
10503268,
10502889,
10502808,
10489689,
10489466,
10489216,
10488812,
10488619,
10488531,
10488307,
10488142,
10488029,
10487831,
10487712,
10487553,
10475806,
10475435,
10475297,
10475053,
10474973,
10474961,
10474848,
10474846,
10474742,
10474716,
10474627,
10474538,
10474460,
10474364,
10474262,
10474208,
10474077,
10473985,
10472941,
10472755,
10470036,
10469860,
10469826,
10469773,
10469558,
10469488,
10469430,
10469359,
10469302,
10469228,
10461491,
10461232,
10461114,
10460997,
10460648,
10460439,
10460280,
10459917,
10445958,
10445895,
10445801,
10445579,
10445365,
10445269,
10445201,
10445116,
10445053,
10444996,
10444887,
10444845,
10444806,
10444735,
10444674,
10444608,
10444555,
10405587,
10401514,
10399594,
10395934,
10395500,
10395130,
10394794,
10394464,
10394044,
10393527,
10393034,
10392428,
10391847,
10390655,
10389982,
10389565,
10388977,
10388457,
10387652,
10386972,
10386631,
10386247,
10385595,
10384522,
10383981,
10383210,
10380407,
10380333,
10380179,
10380133,
10380059,
10379984,
10379913,
10379859,
10379783,
10379733,
10379707,
10379654,
10379523,
10379140,
10378806,
10374396,
10374229,
10374114,
10374047,
10373878,
10373433,
10372884,
10372594,
10372434,
10372344,
10372197,
10367490,
10367369,
10366837,
10364343,
10364079,
10363904,
10362381,
10361235,
10359537,
10359165,
10358634,
10357811,
10357715,
10357199,
10356334,
10356020,
10355579,
10354762,
10344861,
10344825,
10344801,
10344705,
10344673,
10344538,
10344497,
10343925,
10343887,
10343804,
10343616,
10343426,
10335189,
10327289,
10326975,
10326842,
10326568,
10326412,
10326245,
10326065,
10325993,
10325874,
10325801,
10325669,
10325331,
10325012,
10324660,
10323426,
10323220,
10322928,
10319321,
10319147,
10318928,
10318686,
10317937,
10317754,
10317705,
10317637,
10315379,
10303697,
10303336,
10303061,
10297369,
10296701,
10296162,
10296037,
10295861,
10295595,
10294985,
10294646,
10293960,
10293329,
10293065,
10292613,
10292257,
10291912,
10291761,
10291582,
10291542,
10291391,
10290925,
10288638,
10288204,
10287800,
10287404,
10281953,
10281788,
10281363,
10281152,
10281008,
10280770,
10280339,
10265961,
10264060,
10263988,
10263936,
10263843,
10263785,
10263703,
10263613,
10263562,
10263451,
10263398,
10249979,
10247422,
10246958,
10246631,
10242932,
10242689,
10242399,
10240958,
10240024,
10238714,
10238405,
10237728,
10237357,
10237006,
10229884,
10229625,
10229448,
10229339,
10229271,
10228933,
10228785,
10228538,
10228077,
10227792,
10226751,
10226328,
10226038,
10225574,
10222640,
10222489,
10222372,
10222269,
10222146,
10221944,
10221833,
10221775,
10221687,
10221544,
10221466,
10221177,
10217133,
10216908,
10216838,
10215254,
10215034,
10214840,
10213299,
10212945,
10212488,
10211701,
10211467,
10208806,
10208360,
10207420,
10207219,
10206550,
10206287,
10205831,
10205426,
10205202,
10205068,
10204921,
10204726,
10204447,
10204257,
10203958,
10203375,
10203286,
10202907,
10202560,
10202231,
10201931,
10201185,
10197674,
10193574,
10193452,
10193374,
10193251,
10193149,
10193063,
10192994,
10192687,
10192617,
10192497,
10192410,
10192336,
10192232,
10192184,
10192139,
10192094,
10192040,
10191998,
10191913,
10191832,
10191779,
10191658,
10191645,
10191616,
10191288,
10190973,
10190728,
10189689,
10189423,
10189139,
10188729,
10188413,
10188237,
10186693,
10184877,
10177783,
10175020,
10174493,
10174295,
10173738,
10170516,
10170189,
10166392,
10165798,
10164168,
10164123,
10164036,
10163982,
10163921,
10163865,
10163846,
10163755,
10163515,
10163332,
10159863,
10159443,
10158783,
10150706,
10150274,
10150140,
10148275,
10147385,
10147134,
10136022,
10135652,
10135130,
10134480,
10134355,
10134224,
10134039,
10133906,
10133773,
10133667,
10133618,
10133510,
10133438,
10133379,
10133180,
10132763,
10132500,
10131596,
10131200,
10131191,
10131099,
10130974,
10130916,
10130873,
10130743,
10130709,
10130554,
10130440,
10130374,
10130252,
10130167,
10130099,
10129847,
10129576,
10129442,
10129294,
10129084,
10128977,
10128787,
10128486,
10128379,
10128266,
10128185,
10128135,
10128018,
10127863,
10127785,
10127711,
10127637,
10127568,
10127486,
10127027,
10126682,
10126471,
10126272,
10125336,
10125306,
10125284,
10125282,
10125252,
10125228,
10125166,
10125113,
10125092,
10125055,
10125016,
10124964,
10124274,
10124204,
10124157,
10124099,
10124055,
10124034,
10123787,
10123594,
10123516,
10123451,
10123283,
10123136,
10123027,
10122344,
10122202,
10122072,
10122006,
10121805,
10121411,
10120451,
10119753,
10119679,
10112911,
10112774,
10112632,
10112414,
10112284,
10111973,
10111717,
10111388,
10109542,
10109381,
10109332,
10109285,
10109245,
10109198,
10109120,
10109085,
10109080,
10109030,
10109002,
10108979,
10099063,
10098080,
10098032,
10098003,
10097894,
10097802,
10097709,
10097685,
10097614,
10097515,
10097452,
10097440,
10097361,
10097132,
10097059,
10096957,
10096863,
10095117,
10094786,
10094566,
10091138,
10090940,
10090758,
10090584,
10088666,
10088589,
10088289,
10088202,
10087651,
10087591,
10087364,
10087310,
10087122,
10087046,
10086635,
10086515,
10086460,
10086445,
10086381,
10086323,
10086275,
10086208,
10086120,
10086049,
10086034,
10085981,
10085944,
10085916,
10085882,
10085864,
10085757,
10085736,
10085635,
10083842,
10083598,
10083465,
10083260,
10083019,
10082600,
10082455,
10082338,
10082201,
10081945,
10081491,
10081003,
10080763,
10076606,
10076272,
10075947,
10075746,
10075691,
10075608,
10075480,
10075307,
10075228,
10075208,
10075072,
10075004,
10074514,
10074318,
10074167,
10073876,
10073262,
10072736,
10072696,
10072401,
10072386,
10072291,
10072277,
10072240,
10072047,
10071920,
10071760,
10071417,
10070205,
10069932,
10069805,
10069685,
10069535,
10069307,
10069191,
10069039,
10068924,
10068771,
10068378,
10067666,
10067534,
10067368,
10067226,
10067115,
10064845,
10064786,
10064721,
10064349,
10063439,
10062910,
10062813,
10062712,
10062626,
10062570,
10061898,
10061846,
10061643,
10061481,
10060723,
10060562,
10060371,
10060270,
10060159,
10059957,
10059825,
10059123,
10058969,
10058831,
10058713,
10058636,
10058605,
10058489,
10058310,
10058257,
10058064,
10057862,
10057719,
10057649,
10057516,
10057466,
10057065,
10053826,
10053728,
10053698,
10053612,
10053522,
10053445,
10053368,
10053267,
10053085,
10053078,
10052970,
10052761,
10052637,
10052503,
10052409,
10051837,
10051652,
10051489,
10051441,
10051346,
10051342,
10051229,
10051218,
10051057,
10051024,
10050841,
10050800,
10050742,
10050719,
10050637,
10050567,
10050495,
10050304,
10050129,
10050050,
10050024,
10050000,
10049932,
10049766,
10049607,
10049000,
10048198,
10047974,
10047701,
10047586,
10047499,
10047271,
10047171,
10046689,
10046456,
10046328,
10043941,
10043915,
10043167,
10042909,
10041806,
10041739,
10041431,
10041362,
10041247,
10041122,
10040921,
10039757,
10039280,
10039209,
10038992,
10038817,
10038623,
10038612,
10038083,
10037999,
10037794,
10037703,
10037578,
10037000,
10036830,
10036723,
10036584,
10036522,
10036445,
10036335,
10036296,
10036155,
10035743,
10035374,
10035150,
10034967,
10032645,
10032618,
10032476,
10032299,
10032256,
10032070,
10031996,
10031821,
10031723,
10031539,
10031062,
10030934,
10030858,
10030779,
10030544,
10030448,
10030163,
10030160,
10030028,
10029870,
10029775,
10029635,
10028451,
10028049,
10026543,
10025924,
10025520,
10024965,
10024644,
10024253,
10023631,
10023324,
10023162,
10022529,
10022060,
10021122,
10021052,
10021017,
10020972,
10020885,
10020821,
10020728,
10020674,
10019945,
10019862,
10019719,
10019717,
10019592,
10019584,
10019466,
10019415,
10019290,
10019215,
10019095,
10019036,
10018781,
10017459,
10017123,
10017031,
10016868,
10016794,
10016502,
10016363,
10015904,
10015586,
10015373,
10015189,
10014915,
10014237,
10013675,
10012649,
10012436,
10012306,
10012176,
10011900,
10011805,
10011689,
10011520,
10011350,
10011086,
10010149,
10009998,
10009927,
10009741,
10009641,
10009557,
10008051,
10007912,
10007737,
10007073,
10006927,
10006819,
10006656,
10006508,
10006327,
10005946,
10005804,
10005707,
10005535,
10001748,
10001499,
10001193,
10000271,
10000122,
9999686,
9999409,
9998874,
9998612,
9998237,
9997997,
9997632,
9997430,
9997060,
9996583,
9996349,
9994945,
9994671,
9994494,
9994469,
9992668,
9992589,
9990517,
9990075,
9954503,
9954484,
9954479,
9954469,
9937651,
9937619,
9937574,
9937343,
9937294,
9937211,
9933245,
9933215,
9933118,
9933053,
9932978,
9932344,
9932241,
9932114,
9932064,
9931832,
9931734,
9927743,
9927504,
9927284,
9918746,
9887250,
9917768,
9907094,
9889805,
9888376,
9845927,
9835068,
9826081,
9823287,
9805099,
9805394,
9835246,
9835318,
9835940,
9846108,
9846182,
9855670,
9887728,
9887970,
9918996,
10005084,
10005994,
10006654,
10007001,
10007420,
10009565,
10020715,
10020869,
10020990,
10029091,
10029351,
10029729,
10029942,
10031920,
10032014,
10032081,
10032180,
10032262,
10037503,
10039805,
10040060,
10040208,
10040305,
10052449,
10052559,
10052694,
10052870,
10053119,
10053395,
10053484,
10061321,
10061642,
10062038,
10066185,
10066361,
10067040,
10067288,
10068355,
10069077,
10069756,
10070125,
10112142,
10112475,
10123732,
10123888,
10134844,
10135418,
10135601,
10136083,
10147844,
10148259,
10148420,
10148616,
10151303,
10165648,
10165694,
10165733,
10166344,
10173122,
10173362,
10177697,
10177868,
10177934,
10178050,
10197383,
10197963,
10206866,
10207166,
10207641,
10216770,
10216958,
10217013,
10217058,
10217100,
10217161,
10217188,
10217224,
10217246,
10232698,
10232906,
10248254,
10248506,
10249222,
10249462,
10249562,
10264984,
10265105,
10265467,
10265574,
10265690,
10265791,
10265880,
10266028,
10266055,
10266085,
10266210,
10288092,
10288512,
10295983,
10296308,
10296646,
10296876,
10297117,
10297639,
10297900,
10298107,
10298284,
10298376,
10298426,
10309519,
10310281,
10313690,
10314211,
10314678,
10314878,
10318755,
10318942,
10319009,
10319088,
10319116,
10319209,
10319233,
10319282,
10319302,
10337642,
10339007,
10340316,
10341173,
10341646,
10346287,
10346701,
10346789,
10346850,
10346924,
10347006,
10347142,
10360133,
10360757,
10361485,
10361881,
10362664,
10362907,
10363094,
10363876,
10364296,
10364934,
10368175,
10368516,
10368736,
10368790,
10368833,
10377164,
10377328,
10377452,
10377635,
10377759,
10378033,
10380274,
10380338,
10380422,
10406304,
10406747,
10406955,
10407034,
10580903,
10581339,
10581845,
10583198,
10583756,
10585960,
10586270,
10586691,
10586949,
10587739,
10589937,
10590071,
10590176,
10600808,
10601149,
10601334,
10601573,
10604577,
10604830,
10604971,
10605215,
10605452,
10605591,
10605691,
10606420,
10622364,
10622489,
10622741,
10622765,
10633371,
10635487,
10635661,
10636098,
10636314,
10636403,
10636568,
10636762,
10636948,
10637111,
10637174,
10637271,
10651867,
10652008,
10652102,
10652203,
10652497,
10652608,
10667463,
10667621,
10667803,
10668000,
10668085,
10668218,
10668273,
10668373,
10668448,
10668634,
10683515,
10683633,
10683721,
10683853,
10683977,
10695579,
10696751,
10696875,
10697203,
10697300,
10698245,
10698407,
10700965,
10701209,
10701453,
10701573,
10701801,
10714252,
10714482,
10714764,
10715003,
10715309,
10715570,
10715757,
10731287,
10731662,
10734198,
10734243,
10734343,
10734445,
10737098,
10737208,
10737355,