601039258001
601034891001
601008052001
601006054001
601004371001
601027011001
601027009001
608233904001
608233909001
601050722001
601021100001
601009166001
602006653001
608244652001
608244653001
608244651001
601013585001
601013587001
601020451001
601014730001
601017845001
601011295001
602008938001
601031370001
601031365001
663004637001
601046420001
601016245001
601046357001
601039696001
601056706001
601012748001
663001344001
601036615001
601043009001
601018274001
601037306001
601040267
601001361001
601803383001
601001361001
601006019001
601024680001
601040952001
601029680001
601031071001
601043618001
601006101001
601051341001
601075051001
601012170001
601024941001
601019678001
601025105001
663016505001
602132202001
601800366001
608065546001
601010550001
601017356001
601032223001
663003225001
608035256001
608198168001
608198167001
608130073001
601030539001
601038476001
601075053001